image: map.pgm
resolution: 0.050000
origin: [-7.250000, -7.475266, 0.000000]
negate: 0
occupied_thresh: 0.65
free_thresh: 0.196

