# oST version 5.0 parameters


[image]

width
640

height
480

[narrow_stereo]

camera matrix
617.767838 0.000000 328.726444
0.000000 613.587505 260.255369
0.000000 0.000000 1.000000

distortion
-0.417942 0.156240 0.001046 -0.000017 0.000000

rectification
1.000000 0.000000 0.000000
0.000000 1.000000 0.000000
0.000000 0.000000 1.000000

projection
538.036865 0.000000 331.596218 0.000000
0.000000 569.859253 263.858675 0.000000
0.000000 0.000000 1.000000 0.000000

